0 1508 379 1241 647 
1 1380 390 1157 613 
2 1419 379 1152 647 
3 1419 379 1152 647 
4 1419 379 1152 647 
5 1419 379 1152 647 
6 1419 379 1152 647 
7 1419 379 1152 647 
8 1419 379 1152 647 
9 1419 379 1152 647 
10 1419 379 1152 647 
11 1419 379 1152 647 
12 1419 379 1152 647 
13 1419 379 1152 647 
14 1419 379 1152 647 
15 1405 390 1182 613 
16 1405 390 1182 613 
17 1405 390 1182 613 
18 1405 390 1182 613 
19 1405 390 1182 613 
20 1405 390 1182 613 
21 1405 390 1182 613 
22 1405 390 1182 613 
23 1405 390 1182 613 
24 1405 390 1182 613 
25 1405 390 1182 613 
26 1405 390 1182 613 
27 1405 390 1182 613 
28 1405 390 1182 613 
29 1405 390 1182 613 
30 1405 390 1182 613 
31 1405 390 1182 613 
32 1405 390 1182 613 
33 1405 390 1182 613 
34 1405 390 1182 613 
35 1405 390 1182 613 
36 1405 390 1182 613 
37 1405 390 1182 613 
38 1405 390 1182 613 
39 1449 379 1181 647 
40 1449 379 1181 647 
41 1405 390 1182 613 
42 1449 379 1181 647 
43 1449 379 1181 647 
44 1449 379 1181 647 
45 1449 379 1181 647 
46 1449 379 1181 647 
47 1449 379 1181 647 
48 1405 390 1182 613 
49 1405 390 1182 613 
50 1449 379 1181 647 
51 1449 379 1181 647 
52 1405 390 1182 613 
53 1405 390 1182 613 
54 1405 390 1182 613 
55 1405 390 1182 613 
56 1449 379 1181 647 
57 1405 390 1182 613 
58 1405 390 1182 613 
59 1405 390 1182 613 
60 1405 390 1182 613 
61 1449 379 1181 647 
62 1449 379 1181 647 
63 1449 379 1181 647 
64 1449 379 1181 647 
65 1405 390 1182 613 
66 1419 379 1152 647 
67 1419 379 1152 647 
68 1419 379 1152 647 
69 1419 379 1152 647 
70 1419 379 1152 647 
71 1419 379 1152 647 
72 1419 379 1152 647 
73 1419 379 1152 647 
74 1419 379 1152 647 
75 1419 379 1152 647 
76 1419 379 1152 647 
77 1419 379 1152 647 
78 1419 379 1152 647 
79 1419 379 1152 647 
80 1419 379 1152 647 
81 1419 379 1152 647 
82 1419 379 1152 647 
83 1419 379 1152 647 
84 1419 379 1152 647 
85 1419 379 1152 647 
86 1419 379 1152 647 
87 1419 379 1152 647 
88 1419 379 1152 647 
89 1449 379 1181 647 
90 1449 379 1181 647 
91 1449 379 1181 647 
92 1449 379 1181 647 
93 1449 379 1181 647 
94 1449 379 1181 647 
95 1449 379 1181 647 
96 1449 379 1181 647 
97 1449 379 1181 647 
98 1449 379 1181 647 
99 1449 379 1181 647 
100 1430 390 1207 613 
101 1430 390 1207 613 
102 1430 390 1207 613 
103 1449 379 1181 647 
104 1430 390 1207 613 
105 1430 390 1207 613 
106 1449 379 1181 647 
107 1455 390 1232 613 
108 1455 390 1232 613 
109 1455 390 1232 613 
110 1455 390 1232 613 
111 1455 390 1232 613 
112 1455 390 1232 613 
113 1455 390 1232 613 
114 1455 390 1232 613 
115 1455 390 1232 613 
116 1455 390 1232 613 
117 1455 390 1232 613 
118 1455 390 1232 613 
119 1455 390 1232 613 
120 1455 390 1232 613 
121 1455 390 1232 613 
122 1479 390 1256 613 
123 1479 390 1256 613 
124 1479 390 1256 613 
125 1479 390 1256 613 
126 1479 365 1256 588 
127 1479 365 1256 588 
128 1479 365 1256 588 
129 1479 365 1256 588 
130 1479 365 1256 588 
131 1479 365 1256 588 
132 1479 365 1256 588 
133 1479 365 1256 588 
134 1479 365 1256 588 
135 1479 365 1256 588 
136 1479 365 1256 588 
137 1455 365 1232 588 
138 1455 365 1232 588 
139 1455 365 1232 588 
140 1455 365 1232 588 
141 1455 390 1232 613 
142 1455 365 1232 588 
143 1455 365 1232 588 
144 1455 365 1232 588 
145 1455 365 1232 588 
146 1455 365 1232 588 
147 1455 365 1232 588 
148 1455 365 1232 588 
149 1455 365 1232 588 
150 1455 365 1232 588 
151 1455 365 1232 588 
152 1455 365 1232 588 
153 1455 365 1232 588 
154 1455 365 1232 588 
155 1455 365 1232 588 
156 1455 365 1232 588 
157 1455 365 1232 588 
158 1455 365 1232 588 
159 1455 365 1232 588 
160 1455 365 1232 588 
161 1455 365 1232 588 
162 1455 365 1232 588 
163 1455 365 1232 588 
164 1430 365 1207 588 
165 1449 350 1181 617 
166 1449 350 1181 617 
167 1449 350 1181 617 
168 1449 350 1181 617 
169 1430 390 1207 613 
170 1449 350 1181 617 
171 1449 350 1181 617 
172 1449 350 1181 617 
173 1449 350 1181 617 
174 1449 350 1181 617 
175 1449 350 1181 617 
176 1449 350 1181 617 
177 1449 350 1181 617 
178 1449 350 1181 617 
179 1478 350 1211 617 
180 1478 350 1211 617 
181 1478 350 1211 617 
182 1478 350 1211 617 
183 1478 350 1211 617 
184 1478 350 1211 617 
185 1455 390 1232 613 
186 1478 379 1211 647 
187 1455 390 1232 613 
188 1478 379 1211 647 
189 1478 379 1211 647 
190 1478 379 1211 647 
191 1478 379 1211 647 
192 1449 379 1181 647 
193 1449 379 1181 647 
194 1449 379 1181 647 
195 1449 379 1181 647 
196 1449 379 1181 647 
197 1449 379 1181 647 
198 1449 379 1181 647 
199 1449 379 1181 647 
200 1449 379 1181 647 
201 1449 379 1181 647 
202 1449 379 1181 647 
203 1449 379 1181 647 
204 1478 379 1211 647 
205 1478 379 1211 647 
206 1478 379 1211 647 
207 1478 379 1211 647 
208 1478 379 1211 647 
209 1478 379 1211 647 
210 1478 379 1211 647 
211 1478 379 1211 647 
212 1478 379 1211 647 
213 1478 379 1211 647 
214 1478 379 1211 647 
215 1478 379 1211 647 
216 1478 379 1211 647 
217 1489 384 1168 705 
218 1489 384 1168 705 
219 1449 379 1181 647 
220 1449 379 1181 647 
221 1449 379 1181 647 
222 1419 379 1152 647 
223 1419 379 1152 647 
224 1389 379 1122 647 
225 1389 379 1122 647 
226 1389 379 1122 647 
227 1360 379 1092 647 
228 1360 379 1092 647 
229 1330 379 1062 647 
230 1330 379 1062 647 
231 1300 350 1033 617 
232 1300 379 1033 647 
233 1270 350 1003 617 
234 1270 350 1003 617 
235 1270 350 1003 617 
236 1270 350 1003 617 
237 1270 350 1003 617 
238 1270 350 1003 617 
239 1270 350 1003 617 
240 1270 350 1003 617 
241 1270 350 1003 617 
242 1270 350 1003 617 
243 1270 350 1003 617 
244 1270 350 1003 617 
245 1300 350 1033 617 
246 1300 350 1033 617 
247 1300 350 1033 617 
248 1300 350 1033 617 
249 1330 350 1062 617 
250 1330 350 1062 617 
251 1330 350 1062 617 
252 1360 350 1092 617 
253 1360 350 1092 617 
254 1360 350 1092 617 
255 1389 379 1122 647 
256 1389 379 1122 647 
257 1389 350 1122 617 
258 1419 379 1152 647 
259 1419 379 1152 647 
260 1419 379 1152 647 
261 1419 379 1152 647 
262 1449 379 1181 647 
263 1449 379 1181 647 
264 1449 379 1181 647 
265 1449 379 1181 647 
266 1478 379 1211 647 
267 1478 379 1211 647 
268 1478 379 1211 647 
269 1478 379 1211 647 
270 1508 379 1241 647 
271 1508 379 1241 647 
272 1508 379 1241 647 
273 1508 379 1241 647 
274 1508 379 1241 647 
275 1508 379 1241 647 
276 1508 379 1241 647 
277 1508 379 1241 647 
278 1508 379 1241 647 
279 1508 379 1241 647 
280 1508 379 1241 647 
281 1508 379 1241 647 
282 1508 379 1241 647 
283 1508 379 1241 647 
284 1478 379 1211 647 
285 1478 379 1211 647 
286 1478 379 1211 647 
287 1478 379 1211 647 
288 1478 379 1211 647 
289 1478 379 1211 647 
290 1449 379 1181 647 
291 1449 379 1181 647 
292 1449 379 1181 647 
293 1449 379 1181 647 
294 1449 379 1181 647 
295 1405 415 1182 638 
296 1419 379 1152 647 
297 1419 379 1152 647 
298 1419 379 1152 647 
299 1419 379 1152 647 
300 1389 379 1122 647 
301 1389 379 1122 647 
302 1389 379 1122 647 
303 1389 409 1122 676 
304 1389 409 1122 676 
305 1389 409 1122 676 
306 1389 409 1122 676 
307 1389 409 1122 676 
308 1389 409 1122 676 
309 1389 409 1122 676 
310 1389 409 1122 676 
311 1389 409 1122 676 
312 1389 409 1122 676 
313 1389 409 1122 676 
314 1389 409 1122 676 
315 1389 409 1122 676 
316 1389 409 1122 676 
317 1389 409 1122 676 
318 1389 409 1122 676 
319 1389 409 1122 676 
320 1389 409 1122 676 
321 1389 409 1122 676 
322 1389 409 1122 676 
323 1389 409 1122 676 
324 1389 409 1122 676 
325 1389 409 1122 676 
326 1389 409 1122 676 
327 1389 409 1122 676 
328 1389 409 1122 676 
329 1418 420 1097 741 
330 1389 409 1122 676 
331 1389 439 1122 706 
332 1389 409 1122 676 
333 1389 439 1122 706 
334 1389 409 1122 676 
335 1419 409 1152 676 
336 1419 409 1152 676 
337 1419 409 1152 676 
338 1419 409 1152 676 
339 1419 409 1152 676 
340 1419 409 1152 676 
341 1419 409 1152 676 
342 1419 409 1152 676 
343 1419 409 1152 676 
344 1449 409 1181 676 
345 1449 409 1181 676 
346 1449 409 1181 676 
347 1449 409 1181 676 
348 1449 409 1181 676 
349 1449 409 1181 676 
350 1449 409 1181 676 
351 1449 409 1181 676 
352 1449 409 1181 676 
353 1449 409 1181 676 
354 1449 409 1181 676 
355 1449 409 1181 676 
356 1449 409 1181 676 
357 1449 409 1181 676 
358 1449 409 1181 676 
359 1449 409 1181 676 
360 1449 409 1181 676 
361 1449 409 1181 676 
362 1449 409 1181 676 
363 1449 409 1181 676 
364 1449 409 1181 676 
365 1449 409 1181 676 
366 1449 409 1181 676 
367 1449 409 1181 676 
368 1449 409 1181 676 
369 1419 409 1152 676 
370 1419 409 1152 676 
371 1419 409 1152 676 
372 1419 409 1152 676 
373 1419 409 1152 676 
374 1419 409 1152 676 
375 1419 409 1152 676 
376 1419 439 1152 706 
377 1419 439 1152 706 
378 1419 439 1152 706 
379 1419 439 1152 706 
380 1419 439 1152 706 
381 1419 439 1152 706 
382 1419 439 1152 706 
383 1419 439 1152 706 
384 1419 439 1152 706 
385 1419 439 1152 706 
386 1419 439 1152 706 
387 1419 439 1152 706 
388 1419 439 1152 706 
389 1419 439 1152 706 
390 1419 439 1152 706 
391 1419 439 1152 706 
392 1419 439 1152 706 
393 1454 420 1133 741 
394 1419 409 1152 676 
395 1419 409 1152 676 
396 1419 409 1152 676 
397 1419 409 1152 676 
398 1419 409 1152 676 
399 1419 409 1152 676 
400 1419 409 1152 676 
401 1419 409 1152 676 
402 1419 409 1152 676 
403 1449 409 1181 676 
404 1449 409 1181 676 
405 1449 409 1181 676 
406 1449 409 1181 676 
407 1449 409 1181 676 
408 1449 409 1181 676 
409 1449 409 1181 676 
410 1449 409 1181 676 
411 1419 409 1152 676 
412 1419 409 1152 676 
413 1419 409 1152 676 
414 1419 409 1152 676 
415 1419 409 1152 676 
416 1419 409 1152 676 
417 1419 409 1152 676 
418 1419 409 1152 676 
419 1419 409 1152 676 
420 1419 409 1152 676 
421 1419 409 1152 676 
422 1419 409 1152 676 
423 1419 409 1152 676 
424 1419 409 1152 676 
425 1419 409 1152 676 
426 1419 409 1152 676 
427 1419 409 1152 676 
428 1419 409 1152 676 
429 1419 409 1152 676 
430 1419 409 1152 676 
431 1419 409 1152 676 
432 1419 409 1152 676 
433 1419 409 1152 676 
434 1419 409 1152 676 
435 1419 409 1152 676 
436 1419 409 1152 676 
437 1419 409 1152 676 
438 1419 409 1152 676 
439 1419 409 1152 676 
440 1419 409 1152 676 
441 1419 409 1152 676 
442 1419 409 1152 676 
443 1454 420 1133 741 
444 1419 409 1152 676 
445 1454 420 1133 741 
446 1454 420 1133 741 
447 1454 420 1133 741 
448 1449 409 1181 676 
449 1449 409 1181 676 
450 1449 409 1181 676 
451 1449 409 1181 676 
452 1449 409 1181 676 
453 1449 409 1181 676 
454 1449 409 1181 676 
455 1449 409 1181 676 
456 1449 409 1181 676 
457 1449 409 1181 676 
458 1449 409 1181 676 
459 1449 409 1181 676 
460 1449 409 1181 676 
461 1449 409 1181 676 
462 1449 409 1181 676 
463 1449 409 1181 676 
464 1449 409 1181 676 
465 1449 409 1181 676 
466 1449 409 1181 676 
467 1449 409 1181 676 
468 1449 409 1181 676 
469 1449 409 1181 676 
470 1449 409 1181 676 
471 1449 409 1181 676 
472 1449 409 1181 676 
473 1449 409 1181 676 
474 1449 409 1181 676 
475 1449 409 1181 676 
476 1449 409 1181 676 
477 1449 409 1181 676 
478 1449 409 1181 676 
479 1449 409 1181 676 
480 1449 409 1181 676 
481 1449 409 1181 676 
482 1449 409 1181 676 
483 1449 409 1181 676 
484 1449 409 1181 676 
485 1449 409 1181 676 
486 1449 409 1181 676 
487 1449 409 1181 676 
488 1449 409 1181 676 
489 1449 409 1181 676 
490 1449 409 1181 676 
491 1449 409 1181 676 
492 1449 409 1181 676 
493 1449 409 1181 676 
494 1449 409 1181 676 
495 1449 409 1181 676 
496 1449 409 1181 676 
497 1449 409 1181 676 
498 1449 409 1181 676 
499 1449 409 1181 676 
500 1449 409 1181 676 
501 1449 409 1181 676 
502 1449 409 1181 676 
503 1449 409 1181 676 
504 1449 409 1181 676 
505 1449 409 1181 676 
506 1449 409 1181 676 
507 1449 409 1181 676 
508 1449 409 1181 676 
509 1449 409 1181 676 
510 1449 409 1181 676 
511 1449 409 1181 676 
512 1449 409 1181 676 
513 1449 409 1181 676 
514 1449 409 1181 676 
515 1449 409 1181 676 
516 1449 409 1181 676 
517 1449 409 1181 676 
518 1449 409 1181 676 
519 1405 440 1182 663 
520 1449 409 1181 676 
521 1405 440 1182 663 
522 1405 440 1182 663 
523 1405 440 1182 663 
524 1419 409 1152 676 
525 1419 409 1152 676 
526 1419 409 1152 676 
527 1419 409 1152 676 
528 1454 420 1133 741 
529 1454 420 1133 741 
530 1419 439 1152 706 
531 1419 439 1152 706 
532 1419 439 1152 706 
533 1419 439 1152 706 
534 1419 439 1152 706 
535 1454 420 1133 741 
536 1419 439 1152 706 
537 1419 439 1152 706 
538 1419 439 1152 706 
539 1405 440 1182 663 
540 1454 420 1133 741 
541 1449 409 1181 676 
542 1449 409 1181 676 
543 1449 409 1181 676 
544 1449 409 1181 676 
545 1449 409 1181 676 
546 1449 409 1181 676 
547 1449 409 1181 676 
548 1449 409 1181 676 
549 1449 409 1181 676 
550 1449 409 1181 676 
551 1449 409 1181 676 
552 1449 409 1181 676 
553 1449 409 1181 676 
554 1449 409 1181 676 
555 1449 409 1181 676 
556 1449 409 1181 676 
557 1449 409 1181 676 
558 1449 409 1181 676 
559 1449 409 1181 676 
560 1449 409 1181 676 
561 1449 409 1181 676 
562 1449 409 1181 676 
563 1449 409 1181 676 
564 1449 409 1181 676 
565 1449 409 1181 676 
566 1449 409 1181 676 
567 1449 409 1181 676 
568 1430 415 1207 638 
569 1449 409 1181 676 
570 1449 409 1181 676 
571 1430 415 1207 638 
572 1430 415 1207 638 
573 1449 379 1181 647 
574 1430 415 1207 638 
575 1430 415 1207 638 
576 1449 379 1181 647 
577 1430 415 1207 638 
578 1430 415 1207 638 
579 1430 415 1207 638 
580 1430 415 1207 638 
581 1430 415 1207 638 
582 1430 415 1207 638 
583 1430 415 1207 638 
584 1430 415 1207 638 
585 1430 415 1207 638 
586 1430 415 1207 638 
587 1430 415 1207 638 
588 1449 379 1181 647 
589 1430 415 1207 638 
590 1430 415 1207 638 
591 1430 415 1207 638 
592 1430 415 1207 638 
593 1449 409 1181 676 
594 1449 409 1181 676 
595 1449 409 1181 676 
596 1449 409 1181 676 
597 1449 409 1181 676 
598 1449 409 1181 676 
599 1449 409 1181 676 
600 1449 409 1181 676 
601 1449 409 1181 676 
602 1449 409 1181 676 
603 1449 409 1181 676 
604 1449 409 1181 676 
605 1449 409 1181 676 
606 1449 409 1181 676 
607 1449 409 1181 676 
608 1449 409 1181 676 
609 1449 409 1181 676 
610 1449 409 1181 676 
611 1449 409 1181 676 
612 1419 409 1152 676 
613 1419 409 1152 676 
614 1419 409 1152 676 
615 1419 409 1152 676 
616 1419 409 1152 676 
617 1419 409 1152 676 
618 1419 409 1152 676 
619 1419 409 1152 676 
620 1419 409 1152 676 
621 1419 409 1152 676 
622 1419 409 1152 676 
623 1419 439 1152 706 
624 1419 439 1152 706 
625 1419 439 1152 706 
626 1419 439 1152 706 
627 1419 439 1152 706 
628 1419 439 1152 706 
629 1419 439 1152 706 
630 1419 439 1152 706 
631 1389 439 1122 706 
632 1389 439 1122 706 
633 1389 439 1122 706 
634 1389 439 1122 706 
635 1389 439 1122 706 
636 1389 439 1122 706 
637 1389 439 1122 706 
638 1389 468 1122 736 
639 1389 439 1122 706 
640 1418 420 1097 741 
641 1418 420 1097 741 
642 1419 439 1152 706 
643 1419 439 1152 706 
644 1419 439 1152 706 
645 1419 439 1152 706 
646 1419 439 1152 706 
647 1419 439 1152 706 
648 1419 439 1152 706 
649 1419 439 1152 706 
650 1419 439 1152 706 
651 1419 439 1152 706 
652 1419 439 1152 706 
653 1419 439 1152 706 
654 1419 439 1152 706 
655 1419 439 1152 706 
656 1419 439 1152 706 
657 1419 439 1152 706 
658 1419 439 1152 706 
659 1419 439 1152 706 
660 1419 439 1152 706 
661 1419 439 1152 706 
662 1419 439 1152 706 
663 1419 439 1152 706 
664 1419 439 1152 706 
665 1419 439 1152 706 
666 1419 439 1152 706 
667 1419 439 1152 706 
668 1419 439 1152 706 
669 1419 439 1152 706 
670 1419 439 1152 706 
671 1419 439 1152 706 
672 1419 439 1152 706 
673 1419 439 1152 706 
674 1419 439 1152 706 
675 1419 439 1152 706 
676 1419 439 1152 706 
677 1419 439 1152 706 
678 1419 439 1152 706 
679 1419 439 1152 706 
680 1419 439 1152 706 
681 1419 439 1152 706 
682 1419 439 1152 706 
683 1419 439 1152 706 
684 1419 439 1152 706 
685 1419 439 1152 706 
686 1454 420 1133 741 
687 1454 420 1133 741 
688 1405 440 1182 663 
689 1405 440 1182 663 
690 1449 409 1181 676 
691 1449 409 1181 676 
692 1449 409 1181 676 
693 1449 409 1181 676 
694 1449 409 1181 676 
695 1449 409 1181 676 
696 1449 409 1181 676 
697 1449 409 1181 676 
698 1449 409 1181 676 
699 1449 409 1181 676 
700 1449 409 1181 676 
701 1449 409 1181 676 
702 1449 409 1181 676 
703 1449 409 1181 676 
704 1449 409 1181 676 
705 1449 409 1181 676 
706 1449 409 1181 676 
707 1449 409 1181 676 
708 1449 409 1181 676 
709 1449 409 1181 676 
710 1449 409 1181 676 
711 1449 409 1181 676 
712 1449 409 1181 676 
713 1449 409 1181 676 
714 1449 409 1181 676 
715 1449 409 1181 676 
716 1449 409 1181 676 
717 1449 409 1181 676 
718 1449 409 1181 676 
719 1449 409 1181 676 
720 1449 409 1181 676 
721 1449 409 1181 676 
722 1449 409 1181 676 
723 1449 409 1181 676 
724 1449 409 1181 676 
725 1449 409 1181 676 
726 1449 409 1181 676 
727 1449 409 1181 676 
728 1449 409 1181 676 
729 1449 409 1181 676 
730 1449 409 1181 676 
731 1449 409 1181 676 
732 1449 409 1181 676 
733 1449 409 1181 676 
734 1449 409 1181 676 
735 1449 409 1181 676 
736 1449 409 1181 676 
737 1449 409 1181 676 
738 1449 409 1181 676 
739 1449 409 1181 676 
740 1449 409 1181 676 
741 1449 409 1181 676 
742 1449 409 1181 676 
743 1449 409 1181 676 
744 1449 409 1181 676 
745 1449 409 1181 676 
746 1449 409 1181 676 
747 1449 409 1181 676 
748 1449 409 1181 676 
749 1449 409 1181 676 
750 1449 409 1181 676 
751 1449 409 1181 676 
752 1449 409 1181 676 
753 1449 409 1181 676 
754 1449 409 1181 676 
755 1449 409 1181 676 
756 1449 409 1181 676 
757 1449 409 1181 676 
758 1449 409 1181 676 
759 1449 409 1181 676 
760 1449 409 1181 676 
761 1449 409 1181 676 
762 1449 409 1181 676 
763 1449 409 1181 676 
764 1449 409 1181 676 
765 1449 409 1181 676 
766 1449 409 1181 676 
767 1449 409 1181 676 
768 1449 409 1181 676 
769 1449 409 1181 676 
770 1449 409 1181 676 
771 1449 409 1181 676 
772 1449 409 1181 676 
773 1449 409 1181 676 
774 1449 409 1181 676 
775 1449 409 1181 676 
776 1449 409 1181 676 
777 1449 409 1181 676 
778 1449 409 1181 676 
779 1449 409 1181 676 
780 1449 409 1181 676 
781 1449 409 1181 676 
782 1449 409 1181 676 
783 1449 409 1181 676 
784 1449 409 1181 676 
785 1449 409 1181 676 
786 1449 409 1181 676 
787 1449 409 1181 676 
788 1449 409 1181 676 
789 1449 409 1181 676 
790 1449 409 1181 676 
791 1449 409 1181 676 
792 1449 409 1181 676 
793 1449 409 1181 676 
794 1449 409 1181 676 
795 1449 409 1181 676 
796 1449 409 1181 676 
797 1449 409 1181 676 
798 1449 409 1181 676 
799 1449 409 1181 676 
800 1449 409 1181 676 
801 1449 409 1181 676 
802 1449 409 1181 676 
803 1449 409 1181 676 
804 1449 409 1181 676 
805 1449 409 1181 676 
806 1449 409 1181 676 
807 1449 409 1181 676 
808 1449 409 1181 676 
809 1449 409 1181 676 
810 1449 409 1181 676 
811 1449 409 1181 676 
812 1449 409 1181 676 
813 1449 409 1181 676 
814 1449 409 1181 676 
815 1449 409 1181 676 
816 1449 409 1181 676 
817 1449 409 1181 676 
818 1449 409 1181 676 
819 1449 409 1181 676 
820 1449 409 1181 676 
821 1449 409 1181 676 
822 1449 409 1181 676 
823 1449 409 1181 676 
824 1449 409 1181 676 
825 1449 409 1181 676 
826 1449 409 1181 676 
827 1449 409 1181 676 
828 1449 409 1181 676 
829 1449 409 1181 676 
830 1449 409 1181 676 
831 1449 409 1181 676 
832 1449 409 1181 676 
833 1449 409 1181 676 
834 1449 409 1181 676 
835 1449 409 1181 676 
836 1449 409 1181 676 
837 1449 409 1181 676 
838 1449 409 1181 676 
839 1449 409 1181 676 
840 1449 409 1181 676 
841 1449 409 1181 676 
842 1449 409 1181 676 
843 1449 409 1181 676 
844 1449 409 1181 676 
845 1449 409 1181 676 
846 1449 409 1181 676 
847 1449 409 1181 676 
848 1449 409 1181 676 
849 1449 409 1181 676 
850 1449 409 1181 676 
851 1449 409 1181 676 
852 1449 409 1181 676 
853 1449 409 1181 676 
854 1449 409 1181 676 
855 1449 409 1181 676 
856 1449 409 1181 676 
857 1449 409 1181 676 
858 1449 409 1181 676 
859 1449 409 1181 676 
860 1449 409 1181 676 
861 1449 409 1181 676 
862 1449 409 1181 676 
863 1449 409 1181 676 
864 1449 409 1181 676 
865 1449 409 1181 676 
866 1449 409 1181 676 
867 1449 409 1181 676 
868 1449 409 1181 676 
869 1489 420 1168 741 
870 1489 420 1168 741 
871 1449 439 1181 706 
872 1449 439 1181 706 
873 1449 439 1181 706 
874 1449 439 1181 706 
875 1449 439 1181 706 
876 1449 439 1181 706 
877 1449 439 1181 706 
878 1449 439 1181 706 
879 1449 439 1181 706 
880 1449 439 1181 706 
881 1449 439 1181 706 
882 1449 439 1181 706 
883 1449 439 1181 706 
884 1449 439 1181 706 
885 1449 439 1181 706 
886 1449 439 1181 706 
887 1449 439 1181 706 
888 1449 439 1181 706 
889 1449 439 1181 706 
890 1449 439 1181 706 
891 1449 439 1181 706 
892 1449 439 1181 706 
893 1449 439 1181 706 
894 1449 439 1181 706 
895 1449 439 1181 706 
896 1449 439 1181 706 
897 1449 439 1181 706 
898 1449 439 1181 706 
899 1449 439 1181 706 
900 1449 439 1181 706 
901 1449 439 1181 706 
902 1449 439 1181 706 
903 1449 439 1181 706 
904 1449 439 1181 706 
905 1449 439 1181 706 
906 1449 439 1181 706 
907 1449 439 1181 706 
908 1449 439 1181 706 
909 1449 439 1181 706 
910 1449 439 1181 706 
911 1449 439 1181 706 
912 1449 439 1181 706 
913 1449 439 1181 706 
914 1449 439 1181 706 
915 1449 439 1181 706 
916 1449 439 1181 706 
917 1449 439 1181 706 
918 1449 439 1181 706 
919 1449 439 1181 706 
920 1449 439 1181 706 
921 1449 439 1181 706 
922 1449 439 1181 706 
923 1449 439 1181 706 
924 1449 439 1181 706 
925 1449 439 1181 706 
926 1449 439 1181 706 
927 1449 439 1181 706 
928 1449 439 1181 706 
929 1449 439 1181 706 
930 1449 439 1181 706 
931 1449 439 1181 706 
932 1449 439 1181 706 
933 1449 439 1181 706 
934 1449 439 1181 706 
935 1449 439 1181 706 
936 1449 439 1181 706 
937 1449 439 1181 706 
938 1449 439 1181 706 
939 1449 439 1181 706 
940 1449 439 1181 706 
941 1449 439 1181 706 
942 1449 439 1181 706 
943 1449 439 1181 706 
944 1449 439 1181 706 
945 1449 439 1181 706 
946 1449 439 1181 706 
947 1449 439 1181 706 
948 1449 439 1181 706 
949 1449 439 1181 706 
950 1449 439 1181 706 
951 1449 439 1181 706 
952 1449 439 1181 706 
953 1449 439 1181 706 
954 1449 439 1181 706 
955 1449 439 1181 706 
956 1449 439 1181 706 
957 1449 439 1181 706 
958 1449 439 1181 706 
959 1449 439 1181 706 
960 1449 439 1181 706 
961 1449 439 1181 706 
962 1449 439 1181 706 
963 1449 439 1181 706 
964 1449 439 1181 706 
965 1449 439 1181 706 
966 1449 439 1181 706 
967 1449 439 1181 706 
968 1449 439 1181 706 
969 1449 439 1181 706 
970 1449 439 1181 706 
971 1449 439 1181 706 
972 1449 439 1181 706 
973 1449 439 1181 706 
974 1449 439 1181 706 
975 1449 439 1181 706 
976 1449 439 1181 706 
977 1449 439 1181 706 
978 1449 439 1181 706 
979 1449 439 1181 706 
980 1449 439 1181 706 
981 1449 439 1181 706 
982 1449 439 1181 706 
983 1449 439 1181 706 
984 1449 439 1181 706 
985 1449 439 1181 706 
986 1449 439 1181 706 
987 1449 439 1181 706 
988 1449 439 1181 706 
989 1449 439 1181 706 
990 1449 439 1181 706 
991 1449 439 1181 706 
992 1449 439 1181 706 
993 1449 439 1181 706 
994 1449 439 1181 706 
995 1449 439 1181 706 
996 1449 439 1181 706 
997 1449 439 1181 706 
998 1449 439 1181 706 
999 1449 439 1181 706 
1000 1449 439 1181 706 
1001 1449 439 1181 706 
1002 1449 439 1181 706 
1003 1449 439 1181 706 
1004 1449 439 1181 706 
1005 1449 439 1181 706 
1006 1449 439 1181 706 
1007 1449 439 1181 706 
1008 1449 439 1181 706 
1009 1449 439 1181 706 
1010 1449 439 1181 706 
1011 1449 439 1181 706 
1012 1449 439 1181 706 
1013 1449 439 1181 706 
1014 1449 439 1181 706 
1015 1449 439 1181 706 
1016 1449 439 1181 706 
1017 1449 439 1181 706 
1018 1449 439 1181 706 
1019 1449 439 1181 706 
1020 1449 439 1181 706 
1021 1449 439 1181 706 
1022 1449 439 1181 706 
1023 1449 439 1181 706 
1024 1449 439 1181 706 
1025 1449 439 1181 706 
1026 1449 439 1181 706 
1027 1449 439 1181 706 
1028 1449 439 1181 706 
1029 1449 439 1181 706 
1030 1449 439 1181 706 
1031 1449 439 1181 706 
1032 1449 439 1181 706 
1033 1449 439 1181 706 
1034 1449 439 1181 706 
1035 1449 439 1181 706 
1036 1449 439 1181 706 
1037 1449 439 1181 706 
1038 1449 439 1181 706 
1039 1449 439 1181 706 
1040 1449 439 1181 706 
1041 1449 439 1181 706 
1042 1449 439 1181 706 
1043 1449 439 1181 706 
1044 1449 439 1181 706 
1045 1449 439 1181 706 
1046 1449 439 1181 706 
1047 1449 439 1181 706 
1048 1449 439 1181 706 
1049 1449 439 1181 706 
1050 1449 439 1181 706 
1051 1449 439 1181 706 
1052 1449 439 1181 706 
1053 1449 439 1181 706 
1054 1449 439 1181 706 
1055 1449 439 1181 706 
1056 1449 439 1181 706 
1057 1449 439 1181 706 
1058 1449 439 1181 706 
1059 1449 439 1181 706 
1060 1449 439 1181 706 
1061 1449 439 1181 706 
1062 1449 439 1181 706 
1063 1449 439 1181 706 
1064 1449 439 1181 706 
1065 1449 439 1181 706 
1066 1449 439 1181 706 
1067 1449 439 1181 706 
1068 1449 439 1181 706 
1069 1449 439 1181 706 
1070 1449 439 1181 706 
1071 1449 439 1181 706 
1072 1449 439 1181 706 
1073 1449 439 1181 706 
1074 1449 439 1181 706 
1075 1449 439 1181 706 
1076 1449 439 1181 706 
1077 1449 439 1181 706 
1078 1449 439 1181 706 
1079 1449 439 1181 706 
1080 1449 439 1181 706 
1081 1449 439 1181 706 
1082 1449 439 1181 706 
1083 1449 439 1181 706 
1084 1449 439 1181 706 
1085 1449 439 1181 706 
1086 1449 439 1181 706 
1087 1449 439 1181 706 
1088 1449 439 1181 706 
1089 1449 439 1181 706 
1090 1449 439 1181 706 
1091 1449 439 1181 706 
1092 1449 439 1181 706 
1093 1489 420 1168 741 
1094 1449 439 1181 706 
1095 1449 439 1181 706 
1096 1449 439 1181 706 
1097 1449 439 1181 706 
1098 1449 439 1181 706 
1099 1449 439 1181 706 
1100 1449 439 1181 706 
1101 1449 439 1181 706 
1102 1449 439 1181 706 
1103 1449 439 1181 706 
1104 1449 439 1181 706 
1105 1449 439 1181 706 
1106 1449 439 1181 706 
1107 1449 439 1181 706 
1108 1449 439 1181 706 
1109 1419 439 1152 706 
1110 1419 439 1152 706 
1111 1419 439 1152 706 
1112 1419 439 1152 706 
1113 1419 439 1152 706 
1114 1419 439 1152 706 
1115 1419 439 1152 706 
1116 1419 439 1152 706 
1117 1419 439 1152 706 
1118 1419 439 1152 706 
1119 1419 439 1152 706 
1120 1419 439 1152 706 
1121 1419 439 1152 706 
1122 1419 439 1152 706 
1123 1419 439 1152 706 
1124 1419 439 1152 706 
1125 1419 439 1152 706 
1126 1419 439 1152 706 
1127 1419 439 1152 706 
1128 1419 439 1152 706 
1129 1419 439 1152 706 
1130 1419 439 1152 706 
1131 1419 439 1152 706 
1132 1419 439 1152 706 
1133 1419 439 1152 706 
1134 1419 439 1152 706 
1135 1419 439 1152 706 
1136 1419 439 1152 706 
1137 1419 439 1152 706 
1138 1419 439 1152 706 
1139 1419 409 1152 676 
1140 1419 409 1152 676 
1141 1419 409 1152 676 
1142 1454 420 1133 741 
1143 1419 409 1152 676 
1144 1419 409 1152 676 
1145 1405 440 1182 663 
1146 1419 409 1152 676 
1147 1454 420 1133 741 
1148 1419 409 1152 676 
1149 1419 409 1152 676 
1150 1454 420 1133 741 
1151 1419 409 1152 676 
1152 1449 439 1181 706 
1153 1449 439 1181 706 
1154 1449 439 1181 706 
1155 1449 439 1181 706 
1156 1449 439 1181 706 
1157 1449 439 1181 706 
1158 1449 439 1181 706 
1159 1449 439 1181 706 
1160 1449 439 1181 706 
1161 1449 439 1181 706 
1162 1449 439 1181 706 
1163 1449 439 1181 706 
1164 1449 439 1181 706 
1165 1449 439 1181 706 
1166 1449 439 1181 706 
1167 1449 439 1181 706 
1168 1449 409 1181 676 
1169 1449 409 1181 676 
1170 1449 409 1181 676 
1171 1449 439 1181 706 
1172 1449 409 1181 676 
1173 1449 409 1181 676 
1174 1449 409 1181 676 
1175 1449 409 1181 676 
1176 1449 409 1181 676 
1177 1449 409 1181 676 
1178 1449 409 1181 676 
1179 1449 409 1181 676 
1180 1449 409 1181 676 
1181 1449 409 1181 676 
1182 1449 409 1181 676 
1183 1449 409 1181 676 
1184 1449 409 1181 676 
1185 1449 409 1181 676 
1186 1449 409 1181 676 
1187 1449 409 1181 676 
1188 1449 409 1181 676 
1189 1449 409 1181 676 
1190 1449 409 1181 676 
1191 1449 409 1181 676 
1192 1449 409 1181 676 
1193 1449 409 1181 676 
1194 1449 409 1181 676 
1195 1449 409 1181 676 
1196 1449 409 1181 676 
1197 1449 409 1181 676 
1198 1449 409 1181 676 
1199 1449 409 1181 676 
1200 1449 409 1181 676 
1201 1449 409 1181 676 
1202 1449 409 1181 676 
1203 1449 409 1181 676 
1204 1449 409 1181 676 
1205 1449 409 1181 676 
1206 1449 409 1181 676 
1207 1449 409 1181 676 
1208 1449 439 1181 706 
1209 1449 439 1181 706 
1210 1449 439 1181 706 
1211 1449 439 1181 706 
1212 1449 439 1181 706 
1213 1449 439 1181 706 
1214 1449 439 1181 706 
1215 1449 439 1181 706 
1216 1449 439 1181 706 
1217 1449 439 1181 706 
1218 1449 439 1181 706 
1219 1449 439 1181 706 
1220 1449 439 1181 706 
1221 1449 439 1181 706 
1222 1449 439 1181 706 
1223 1449 439 1181 706 
1224 1449 439 1181 706 
1225 1449 439 1181 706 
1226 1449 439 1181 706 
1227 1449 439 1181 706 
1228 1449 439 1181 706 
1229 1449 439 1181 706 
1230 1449 439 1181 706 
1231 1449 439 1181 706 
1232 1449 439 1181 706 
1233 1449 439 1181 706 
1234 1449 439 1181 706 
1235 1449 439 1181 706 
1236 1449 439 1181 706 
1237 1449 439 1181 706 
1238 1449 439 1181 706 
1239 1449 439 1181 706 
1240 1449 439 1181 706 
1241 1449 439 1181 706 
1242 1449 439 1181 706 
1243 1454 420 1133 741 
1244 1454 420 1133 741 
1245 1454 420 1133 741 
1246 1454 420 1133 741 
1247 1454 420 1133 741 
1248 1454 420 1133 741 
1249 1454 420 1133 741 
1250 1454 420 1133 741 
1251 1454 420 1133 741 
1252 1454 420 1133 741 
1253 1454 420 1133 741 
1254 1454 420 1133 741 
1255 1449 439 1181 706 
1256 1454 420 1133 741 
1257 1454 420 1133 741 
1258 1449 409 1181 676 
1259 1449 409 1181 676 
1260 1449 409 1181 676 
1261 1449 409 1181 676 
1262 1449 409 1181 676 
1263 1449 409 1181 676 
1264 1449 409 1181 676 
1265 1449 409 1181 676 
1266 1449 409 1181 676 
1267 1449 409 1181 676 
1268 1449 409 1181 676 
1269 1449 409 1181 676 
1270 1449 409 1181 676 
1271 1449 409 1181 676 
1272 1449 409 1181 676 
1273 1449 409 1181 676 
1274 1449 409 1181 676 
1275 1449 409 1181 676 
1276 1449 409 1181 676 
1277 1449 409 1181 676 
1278 1449 409 1181 676 
1279 1449 409 1181 676 
1280 1449 409 1181 676 
1281 1449 409 1181 676 
1282 1449 409 1181 676 
1283 1449 409 1181 676 
1284 1449 409 1181 676 
1285 1449 409 1181 676 
1286 1449 409 1181 676 
1287 1449 409 1181 676 
1288 1449 409 1181 676 
1289 1449 409 1181 676 
1290 1449 409 1181 676 
1291 1449 409 1181 676 
1292 1449 409 1181 676 
1293 1449 439 1181 706 
1294 1449 439 1181 706 
1295 1449 439 1181 706 
1296 1449 439 1181 706 
1297 1449 439 1181 706 
1298 1449 439 1181 706 
1299 1449 439 1181 706 
1300 1449 439 1181 706 
1301 1449 439 1181 706 
1302 1449 439 1181 706 
1303 1449 439 1181 706 
1304 1449 439 1181 706 
1305 1449 439 1181 706 
1306 1449 439 1181 706 
1307 1449 439 1181 706 
1308 1449 439 1181 706 
1309 1449 439 1181 706 
1310 1449 439 1181 706 
1311 1449 439 1181 706 
1312 1449 439 1181 706 
1313 1449 439 1181 706 
1314 1449 439 1181 706 
1315 1449 439 1181 706 
1316 1449 439 1181 706 
1317 1449 439 1181 706 
1318 1449 439 1181 706 
1319 1449 439 1181 706 
1320 1449 439 1181 706 
1321 1449 439 1181 706 
1322 1449 439 1181 706 
1323 1449 439 1181 706 
1324 1449 439 1181 706 
1325 1449 439 1181 706 
1326 1449 439 1181 706 
1327 1449 439 1181 706 
1328 1449 439 1181 706 
1329 1449 439 1181 706 
1330 1449 439 1181 706 
1331 1449 439 1181 706 
1332 1449 439 1181 706 
1333 1449 439 1181 706 
1334 1449 439 1181 706 
1335 1449 439 1181 706 
1336 1449 439 1181 706 
1337 1449 439 1181 706 
1338 1449 439 1181 706 
1339 1449 439 1181 706 
1340 1449 439 1181 706 
1341 1449 439 1181 706 
1342 1449 439 1181 706 
1343 1449 439 1181 706 
1344 1449 439 1181 706 
1345 1449 439 1181 706 
1346 1449 439 1181 706 
1347 1449 439 1181 706 
1348 1449 439 1181 706 
1349 1449 439 1181 706 
1350 1449 439 1181 706 
1351 1449 439 1181 706 
1352 1449 439 1181 706 
1353 1449 439 1181 706 
1354 1449 439 1181 706 
1355 1449 439 1181 706 
1356 1449 439 1181 706 
1357 1449 439 1181 706 
1358 1449 439 1181 706 
1359 1449 439 1181 706 
1360 1449 439 1181 706 
1361 1449 439 1181 706 
1362 1449 439 1181 706 
1363 1449 439 1181 706 
1364 1449 439 1181 706 
1365 1449 439 1181 706 
1366 1449 439 1181 706 
1367 1449 439 1181 706 
1368 1449 439 1181 706 
1369 1449 439 1181 706 
1370 1449 439 1181 706 
1371 1449 439 1181 706 
1372 1449 439 1181 706 
1373 1449 439 1181 706 
1374 1449 439 1181 706 
1375 1449 439 1181 706 
1376 1449 439 1181 706 
1377 1449 439 1181 706 
1378 1449 439 1181 706 
1379 1449 439 1181 706 
1380 1449 439 1181 706 
1381 1449 439 1181 706 
1382 1449 439 1181 706 
1383 1449 439 1181 706 
1384 1449 439 1181 706 
1385 1449 439 1181 706 
1386 1449 439 1181 706 
1387 1449 439 1181 706 
1388 1449 439 1181 706 
1389 1449 439 1181 706 
1390 1449 439 1181 706 
1391 1449 439 1181 706 
1392 1449 439 1181 706 
1393 1449 439 1181 706 
1394 1449 439 1181 706 
1395 1449 439 1181 706 
1396 1449 439 1181 706 
1397 1449 439 1181 706 
1398 1449 439 1181 706 
1399 1449 439 1181 706 
1400 1449 439 1181 706 
1401 1449 439 1181 706 
1402 1449 439 1181 706 
1403 1449 439 1181 706 
1404 1449 439 1181 706 
1405 1449 439 1181 706 
1406 1449 439 1181 706 
1407 1449 439 1181 706 
1408 1449 439 1181 706 
1409 1449 439 1181 706 
1410 1449 439 1181 706 
1411 1449 439 1181 706 
1412 1449 439 1181 706 
1413 1449 439 1181 706 
1414 1449 439 1181 706 
1415 1449 439 1181 706 
1416 1449 439 1181 706 
1417 1449 439 1181 706 
1418 1449 439 1181 706 
1419 1449 439 1181 706 
1420 1449 439 1181 706 
1421 1449 439 1181 706 
1422 1449 439 1181 706 
1423 1449 439 1181 706 
1424 1449 439 1181 706 
1425 1449 439 1181 706 
1426 1449 439 1181 706 
1427 1449 439 1181 706 
1428 1449 439 1181 706 
1429 1449 439 1181 706 
1430 1449 439 1181 706 
1431 1449 439 1181 706 
1432 1449 439 1181 706 
1433 1449 439 1181 706 
1434 1449 439 1181 706 
1435 1449 439 1181 706 
1436 1449 468 1181 736 
1437 1449 468 1181 736 
1438 1449 468 1181 736 
1439 1449 468 1181 736 
1440 1449 468 1181 736 
1441 1449 468 1181 736 
1442 1449 468 1181 736 
1443 1449 468 1181 736 
1444 1449 468 1181 736 
1445 1449 468 1181 736 
1446 1449 468 1181 736 
1447 1449 468 1181 736 
1448 1449 468 1181 736 
1449 1449 468 1181 736 
1450 1449 468 1181 736 
1451 1449 468 1181 736 
1452 1449 468 1181 736 
1453 1449 468 1181 736 
1454 1449 468 1181 736 
1455 1449 468 1181 736 
1456 1449 468 1181 736 
1457 1449 468 1181 736 
1458 1449 468 1181 736 
1459 1449 468 1181 736 
1460 1449 468 1181 736 
1461 1449 468 1181 736 
1462 1449 468 1181 736 
1463 1449 468 1181 736 
1464 1449 468 1181 736 
1465 1449 468 1181 736 
1466 1449 468 1181 736 
1467 1449 468 1181 736 
1468 1449 468 1181 736 
1469 1449 468 1181 736 
1470 1449 468 1181 736 
1471 1449 468 1181 736 
1472 1449 468 1181 736 
1473 1449 468 1181 736 
1474 1449 468 1181 736 
1475 1449 468 1181 736 
1476 1449 468 1181 736 
1477 1449 468 1181 736 
1478 1449 468 1181 736 
1479 1449 468 1181 736 
1480 1449 468 1181 736 
1481 1449 468 1181 736 
1482 1449 468 1181 736 
1483 1449 468 1181 736 
1484 1449 468 1181 736 
1485 1449 468 1181 736 
1486 1449 468 1181 736 
1487 1449 468 1181 736 
1488 1449 468 1181 736 
1489 1449 468 1181 736 
1490 1449 468 1181 736 
1491 1449 468 1181 736 
1492 1449 468 1181 736 
1493 1449 468 1181 736 
1494 1449 468 1181 736 
1495 1449 468 1181 736 
1496 1449 468 1181 736 
1497 1449 468 1181 736 
1498 1449 468 1181 736 
1499 1449 468 1181 736 
1500 1449 468 1181 736 
1501 1449 468 1181 736 
1502 1449 468 1181 736 
1503 1449 468 1181 736 
1504 1449 468 1181 736 
1505 1449 468 1181 736 
1506 1449 468 1181 736 
1507 1449 468 1181 736 
1508 1449 468 1181 736 
1509 1449 468 1181 736 
1510 1449 439 1181 706 
1511 1449 468 1181 736 
1512 1449 439 1181 706 
1513 1449 439 1181 706 
1514 1449 439 1181 706 
1515 1449 439 1181 706 
1516 1449 439 1181 706 
1517 1449 468 1181 736 
1518 1449 439 1181 706 
1519 1449 439 1181 706 
1520 1449 439 1181 706 
1521 1449 439 1181 706 
1522 1449 439 1181 706 
1523 1449 468 1181 736 
1524 1449 468 1181 736 
1525 1449 468 1181 736 
1526 1449 439 1181 706 
1527 1449 439 1181 706 
1528 1449 439 1181 706 
1529 1449 468 1181 736 
1530 1449 468 1181 736 
1531 1449 468 1181 736 
1532 1449 439 1181 706 
1533 1449 439 1181 706 
1534 1449 468 1181 736 
1535 1449 468 1181 736 
1536 1449 468 1181 736 
1537 1449 468 1181 736 
1538 1449 468 1181 736 
1539 1449 468 1181 736 
1540 1449 468 1181 736 
1541 1449 468 1181 736 
1542 1449 468 1181 736 
1543 1449 468 1181 736 
1544 1449 468 1181 736 
1545 1449 468 1181 736 
1546 1449 468 1181 736 
1547 1449 439 1181 706 
1548 1449 439 1181 706 
1549 1449 439 1181 706 
1550 1449 468 1181 736 
1551 1449 439 1181 706 
1552 1449 468 1181 736 
1553 1449 439 1181 706 
1554 1449 439 1181 706 
1555 1449 468 1181 736 
1556 1449 439 1181 706 
1557 1449 439 1181 706 
1558 1449 439 1181 706 
1559 1449 439 1181 706 
1560 1449 439 1181 706 
1561 1449 439 1181 706 
1562 1449 439 1181 706 
1563 1449 439 1181 706 
1564 1449 439 1181 706 
1565 1449 439 1181 706 
1566 1449 439 1181 706 
1567 1449 439 1181 706 
1568 1449 439 1181 706 
1569 1449 439 1181 706 
1570 1449 439 1181 706 
1571 1449 439 1181 706 
1572 1449 439 1181 706 
1573 1449 439 1181 706 
1574 1449 439 1181 706 
1575 1449 439 1181 706 
1576 1449 439 1181 706 
1577 1449 439 1181 706 
1578 1449 439 1181 706 
1579 1449 439 1181 706 
1580 1449 439 1181 706 
1581 1449 439 1181 706 
1582 1449 439 1181 706 
1583 1449 439 1181 706 
1584 1449 439 1181 706 
1585 1449 439 1181 706 
1586 1449 439 1181 706 
1587 1449 439 1181 706 
1588 1449 439 1181 706 
1589 1449 439 1181 706 
1590 1449 439 1181 706 
1591 1449 439 1181 706 
1592 1449 439 1181 706 
1593 1449 439 1181 706 
1594 1449 439 1181 706 
1595 1449 439 1181 706 
1596 1449 439 1181 706 
1597 1449 439 1181 706 
1598 1449 439 1181 706 
1599 1449 439 1181 706 
1600 1449 439 1181 706 
1601 1449 439 1181 706 
1602 1449 439 1181 706 
1603 1449 439 1181 706 
1604 1449 439 1181 706 
1605 1449 439 1181 706 
1606 1449 439 1181 706 
1607 1449 439 1181 706 
1608 1449 439 1181 706 
1609 1449 439 1181 706 
1610 1449 439 1181 706 
1611 1449 439 1181 706 
1612 1449 439 1181 706 
1613 1449 439 1181 706 
1614 1449 439 1181 706 
1615 1449 439 1181 706 
1616 1449 439 1181 706 
1617 1449 439 1181 706 
1618 1449 439 1181 706 
1619 1449 439 1181 706 
1620 1449 439 1181 706 
1621 1449 439 1181 706 
1622 1449 439 1181 706 
1623 1449 439 1181 706 
1624 1449 439 1181 706 
1625 1449 439 1181 706 
1626 1449 439 1181 706 
1627 1449 439 1181 706 
1628 1449 439 1181 706 
1629 1449 439 1181 706 
1630 1449 439 1181 706 
1631 1449 439 1181 706 
1632 1449 439 1181 706 
1633 1449 439 1181 706 
1634 1449 439 1181 706 
1635 1449 439 1181 706 
1636 1449 439 1181 706 
1637 1449 439 1181 706 
1638 1449 439 1181 706 
1639 1449 439 1181 706 
1640 1489 420 1168 741 
1641 1489 420 1168 741 
1642 1489 420 1168 741 
1643 1489 420 1168 741 
1644 1489 420 1168 741 
1645 1449 439 1181 706 
1646 1449 439 1181 706 
1647 1449 439 1181 706 
1648 1489 420 1168 741 
1649 1489 420 1168 741 
1650 1489 420 1168 741 
1651 1489 420 1168 741 
1652 1489 420 1168 741 
1653 1489 420 1168 741 
1654 1489 420 1168 741 
1655 1489 420 1168 741 
1656 1489 420 1168 741 
1657 1449 439 1181 706 
1658 1449 439 1181 706 
1659 1449 439 1181 706 
1660 1449 439 1181 706 
1661 1489 420 1168 741 
1662 1489 420 1168 741 
1663 1489 420 1168 741 
1664 1449 439 1181 706 
1665 1489 420 1168 741 
1666 1449 439 1181 706 
1667 1449 439 1181 706 
1668 1489 420 1168 741 
1669 1449 439 1181 706 
1670 1489 420 1168 741 
1671 1489 420 1168 741 
1672 1449 439 1181 706 
1673 1449 439 1181 706 
1674 1449 439 1181 706 
1675 1449 439 1181 706 
1676 1449 439 1181 706 
1677 1489 420 1168 741 
1678 1489 420 1168 741 
1679 1449 439 1181 706 
1680 1449 439 1181 706 
1681 1449 439 1181 706 
1682 1489 420 1168 741 
1683 1449 439 1181 706 
1684 1449 439 1181 706 
1685 1489 420 1168 741 
1686 1449 439 1181 706 
1687 1489 420 1168 741 
1688 1449 439 1181 706 
1689 1449 439 1181 706 
1690 1449 439 1181 706 
1691 1449 439 1181 706 
1692 1449 439 1181 706 
1693 1449 439 1181 706 
1694 1449 439 1181 706 
1695 1489 420 1168 741 
1696 1489 420 1168 741 
1697 1449 439 1181 706 
1698 1449 439 1181 706 
1699 1489 420 1168 741 
1700 1449 439 1181 706 
1701 1489 420 1168 741 
1702 1449 439 1181 706 
1703 1449 439 1181 706 
1704 1449 439 1181 706 
1705 1449 439 1181 706 
1706 1449 439 1181 706 
1707 1449 439 1181 706 
1708 1449 439 1181 706 
1709 1449 439 1181 706 
1710 1449 439 1181 706 
1711 1449 439 1181 706 
1712 1449 439 1181 706 
1713 1449 439 1181 706 
1714 1449 439 1181 706 
1715 1449 439 1181 706 
1716 1449 439 1181 706 
1717 1449 439 1181 706 
1718 1449 439 1181 706 
1719 1449 439 1181 706 
1720 1449 439 1181 706 
1721 1449 439 1181 706 
1722 1449 439 1181 706 
1723 1489 420 1168 741 
1724 1449 439 1181 706 
1725 1489 420 1168 741 
1726 1449 439 1181 706 
1727 1489 420 1168 741 
1728 1449 439 1181 706 
1729 1449 439 1181 706 
1730 1449 439 1181 706 
1731 1449 439 1181 706 
1732 1449 439 1181 706 
1733 1489 420 1168 741 
1734 1449 439 1181 706 
1735 1449 439 1181 706 
1736 1449 439 1181 706 
1737 1489 420 1168 741 
1738 1489 420 1168 741 
1739 1449 439 1181 706 
1740 1489 420 1168 741 
1741 1449 439 1181 706 
1742 1449 439 1181 706 
1743 1489 420 1168 741 
1744 1489 420 1168 741 
1745 1489 420 1168 741 
1746 1489 420 1168 741 
1747 1489 420 1168 741 
1748 1489 420 1168 741 
1749 1489 420 1168 741 
1750 1489 420 1168 741 
1751 1489 420 1168 741 
1752 1489 420 1168 741 
1753 1489 420 1168 741 
1754 1489 420 1168 741 
1755 1489 420 1168 741 
1756 1489 420 1168 741 
1757 1489 420 1168 741 
1758 1489 420 1168 741 
1759 1489 420 1168 741 
1760 1489 420 1168 741 
1761 1489 420 1168 741 
1762 1489 420 1168 741 
1763 1489 420 1168 741 
1764 1489 420 1168 741 
1765 1489 420 1168 741 
1766 1489 420 1168 741 
1767 1489 420 1168 741 
1768 1489 420 1168 741 
1769 1489 420 1168 741 
1770 1489 420 1168 741 
1771 1489 420 1168 741 
1772 1489 420 1168 741 
1773 1489 420 1168 741 
1774 1489 420 1168 741 
1775 1489 420 1168 741 
1776 1489 420 1168 741 
1777 1489 420 1168 741 
1778 1489 420 1168 741 
1779 1489 420 1168 741 
1780 1489 420 1168 741 
1781 1489 420 1168 741 
1782 1489 420 1168 741 
1783 1489 420 1168 741 
1784 1489 420 1168 741 
1785 1489 420 1168 741 
1786 1489 420 1168 741 
1787 1489 420 1168 741 
1788 1489 420 1168 741 
1789 1489 420 1168 741 
1790 1489 420 1168 741 
1791 1489 420 1168 741 
1792 1489 420 1168 741 
1793 1489 420 1168 741 
1794 1489 420 1168 741 
1795 1489 420 1168 741 
1796 1489 420 1168 741 
1797 1489 420 1168 741 
1798 1489 420 1168 741 
1799 1489 420 1168 741 
